0.000029 0.584408 0.473901 0.371216 0.186147 0.203206 0
0.905740 0.192011 0.412271 0.221588 0.430091 0.122654 0
0.431707 0.591589 0.034542 0.252797 0.602989 0.185569 0
0.447343 0.906213 0.817918 0.829201 0.740218 0.971321 1
0.528208 0.560865 0.832845 0.102393 0.817029 0.464125 0
0.556741 0.439961 0.101094 0.298850 0.716143 0.308028 1
0.202037 0.726352 0.946916 0.702013 0.716687 0.319212 1
0.319250 0.913945 0.655048 0.588797 0.884476 0.379068 1
0.691744 0.582494 0.543737 0.274659 0.949856 0.206545 0
0.048385 0.630993 0.928640 0.493325 0.954456 0.920149 0
0.697601 0.909173 0.320353 0.764168 0.972971 0.486553 0
0.612341 0.889930 0.134933 0.207841 0.253546 0.149797 0
0.360706 0.305232 0.863137 0.644190 0.968897 0.724271 1
0.064796 0.094387 0.149040 0.155994 0.878137 0.890984 0
0.879523 0.854384 0.069039 0.772581 0.108115 0.022441 0
0.935059 0.361923 0.376521 0.870782 0.720704 0.623521 1
0.661410 0.597631 0.521461 0.648896 0.450307 0.505052 1
0.448907 0.973444 0.914806 0.976323 0.194433 0.171783 1
0.106373 0.843522 0.856517 0.932073 0.625767 0.527586 1
0.772687 0.033269 0.943535 0.686954 0.703419 0.318004 1
0.476241 0.285462 0.666035 0.980228 0.444188 0.820874 1
0.178698 0.059267 0.427601 0.747397 0.186253 0.492228 0
0.480147 0.338642 0.385243 0.592216 0.432819 0.068119 0
0.761185 0.780253 0.511176 0.671553 0.744118 0.375436 0
0.351715 0.811769 0.337976 0.622909 0.718641 0.806662 1
0.773699 0.980344 0.208897 0.259815 0.718686 0.691905 1
0.265577 0.877254 0.735561 0.598571 0.502550 0.146328 1
0.718486 0.535387 0.956534 0.016771 0.251022 0.224690 0
0.795614 0.419847 0.121148 0.088196 0.197519 0.893790 0
0.619274 0.189138 0.406118 0.232300 0.459636 0.659042 0
0.194664 0.697787 0.085585 0.450671 0.519816 0.074550 0
0.924343 0.683813 0.534704 0.761577 0.782467 0.616817 1
0.176714 0.358570 0.620476 0.836701 0.489920 0.587179 1
0.275431 0.915067 0.201300 0.088484 0.359971 0.838247 0
0.669271 0.026937 0.175423 0.107911 0.903896 0.565369 1
0.175295 0.133033 0.515071 0.080634 0.649997 0.067469 1
0.052159 0.441248 0.435811 0.349625 0.312111 0.207470 0
0.194053 0.200509 0.674620 0.049366 0.581426 0.506671 1
0.698492 0.937631 0.994439 0.685614 0.101867 0.070811 0
0.689234 0.079671 0.320189 0.241956 0.861942 0.555039 1
0.163946 0.436598 0.818386 0.248013 0.301836 0.785020 1
0.821638 0.240103 0.536629 0.269644 0.155742 0.994749 0
0.807844 0.065858 0.878722 0.467325 0.743167 0.179488 1
0.441222 0.921733 0.434970 0.411627 0.778324 0.365534 0
0.780984 0.416502 0.874084 0.676945 0.622394 0.072208 1
0.489312 0.752147 0.796020 0.058001 0.503493 0.780312 0
0.303820 0.204475 0.950761 0.284110 0.124041 0.596265 1
0.137716 0.958504 0.483331 0.177041 0.844435 0.855334 0
0.577683 0.302940 0.630328 0.208801 0.381206 0.966583 0
0.188461 0.117583 0.037709 0.882466 0.589511 0.898459 0
0.139469 0.843447 0.162420 0.730186 0.365988 0.831910 1
0.219190 0.140046 0.812878 0.907107 0.136611 0.924635 1
0.789280 0.151726 0.362757 0.729702 0.603019 0.407630 1
0.353646 0.614674 0.738284 0.717173 0.518432 0.159916 1
0.181099 0.749387 0.936128 0.450687 0.498849 0.874340 0
0.225094 0.880440 0.560201 0.405159 0.275040 0.660759 0
0.917810 0.673688 0.793083 0.571521 0.990839 0.501855 1
0.401465 0.617852 0.012845 0.486861 0.812337 0.552710 0
0.044436 0.181457 0.598438 0.751578 0.413051 0.632489 1
0.220766 0.794183 0.736418 0.209770 0.849019 0.886798 0
0.198887 0.933008 0.223544 0.700233 0.655377 0.171910 1
0.246809 0.152422 0.910696 0.494925 0.097668 0.543102 1
0.961512 0.387406 0.005625 0.427149 0.520705 0.601976 1
0.921412 0.833703 0.908760 0.932489 0.046500 0.574541 1
0.942129 0.942085 0.841256 0.188385 0.284347 0.622880 1
0.641891 0.524197 0.237750 0.338151 0.357975 0.478196 0
0.818702 0.945010 0.023726 0.482250 0.506986 0.174949 0
0.826489 0.864400 0.550566 0.486237 0.627821 0.832256 1
0.200729 0.967936 0.922864 0.121709 0.044176 0.809880 0
0.672941 0.630428 0.499513 0.067933 0.783941 0.782505 1
0.359652 0.846568 0.197945 0.041189 0.367762 0.097513 0
0.027264 0.008035 0.314144 0.150895 0.947407 0.745222 0
0.921013 0.248898 0.389755 0.313493 0.008734 0.034285 0
0.483747 0.435792 0.100402 0.117439 0.637081 0.331963 0
0.064080 0.477526 0.250090 0.186371 0.241323 0.458750 0
0.110011 0.366932 0.057146 0.375891 0.635371 0.609268 0
0.828671 0.989842 0.992008 0.381067 0.423265 0.089840 0
0.304761 0.749919 0.135563 0.952947 0.691742 0.227061 1
0.224592 0.961226 0.157312 0.162610 0.938983 0.233671 0
0.178264 0.144160 0.783492 0.707993 0.868643 0.221289 1
0.898936 0.326082 0.696046 0.557048 0.781164 0.168375 1
0.224900 0.205161 0.707272 0.282159 0.924856 0.865269 1
0.100414 0.560700 0.061098 0.160337 0.781957 0.823494 0
0.284762 0.911175 0.355780 0.923674 0.514343 0.805962 1
0.350199 0.215740 0.920542 0.596042 0.785055 0.113769 1
0.805288 0.458071 0.794880 0.089265 0.823798 0.009313 1
0.297189 0.725314 0.522733 0.544806 0.312948 0.824457 1
0.657182 0.912167 0.289025 0.588989 0.695744 0.842786 1
0.002637 0.590302 0.249072 0.100432 0.103806 0.014200 0
0.656189 0.720075 0.644599 0.907446 0.278756 0.496223 0
0.975155 0.745529 0.277653 0.906721 0.680350 0.112143 0
0.464845 0.855874 0.896291 0.755495 0.569512 0.284904 1
0.001295 0.192397 0.318507 0.424108 0.587200 0.927486 0
0.623765 0.905805 0.437416 0.587161 0.581480 0.633736 1
0.853976 0.652099 0.672637 0.896656 0.277996 0.973717 1
0.590472 0.884864 0.381292 0.345247 0.922579 0.189514 0
0.040416 0.494193 0.274657 0.945444 0.721137 0.809931 0
0.139357 0.486185 0.203549 0.680113 0.928712 0.063689 0
0.825837 0.970436 0.204514 0.370519 0.272926 0.315874 0
0.420625 0.815974 0.508194 0.713888 0.218434 0.208824 1
0.257075 0.976385 0.903608 0.584897 0.219209 0.426678 1
0.983087 0.979234 0.690942 0.308248 0.368786 0.455924 0
0.645243 0.582464 0.041280 0.153272 0.621762 0.871593 1
0.377184 0.660099 0.044508 0.595973 0.453977 0.287350 1
0.691226 0.211221 0.859050 0.468682 0.969776 0.506532 1
0.239174 0.480799 0.128249 0.558850 0.416688 0.854294 0
0.061284 0.065162 0.364435 0.418315 0.298807 0.591986 0
0.936283 0.195847 0.034543 0.054557 0.441196 0.626287 0
0.902326 0.202828 0.196798 0.361680 0.921028 0.112963 1
0.549558 0.757477 0.605002 0.428080 0.658290 0.138062 0
0.646724 0.645090 0.010658 0.630428 0.124701 0.987418 1
0.635033 0.787013 0.212889 0.945879 0.982207 0.959165 1
0.284563 0.152661 0.915590 0.948771 0.768331 0.757822 1
0.033836 0.325674 0.901006 0.208975 0.205645 0.890310 1
0.146343 0.101845 0.897657 0.514941 0.014091 0.590201 1
0.896465 0.524589 0.370933 0.379132 0.052150 0.883562 1
0.444148 0.645278 0.320416 0.078235 0.253652 0.319913 0
0.292161 0.267723 0.468458 0.250073 0.368850 0.979012 0
0.926589 0.346845 0.122942 0.559012 0.780595 0.492890 1
0.455221 0.888443 0.358125 0.043901 0.817100 0.824389 0
0.256889 0.266341 0.732906 0.263338 0.664326 0.917397 1
0.369155 0.672316 0.821502 0.416927 0.738189 0.531149 0
0.338989 0.756001 0.160137 0.689676 0.227128 0.621219 1
0.129346 0.680468 0.241330 0.965949 0.146067 0.616736 1
0.761896 0.255304 0.247173 0.171082 0.932205 0.863686 1
0.255499 0.355972 0.733230 0.931841 0.923471 0.908809 1
0.457097 0.561796 0.767731 0.169278 0.290370 0.533450 0
0.490803 0.120997 0.892983 0.867039 0.124091 0.337208 1
0.507177 0.788894 0.974190 0.021287 0.302524 0.300149 0
0.183676 0.547381 0.860895 0.378777 0.545525 0.284012 0
0.493935 0.450837 0.478232 0.942362 0.497647 0.264889 0
0.520534 0.768469 0.792988 0.989421 0.168137 0.543767 1
0.102106 0.673378 0.610836 0.403402 0.562012 0.503498 0
0.780355 0.859814 0.433555 0.972717 0.752991 0.566598 1
0.639527 0.501506 0.979046 0.943030 0.201164 0.457331 0
0.235048 0.220047 0.203048 0.574310 0.053488 0.827976 0
0.364341 0.448610 0.292073 0.810220 0.764536 0.733740 0
0.987781 0.146401 0.013114 0.840745 0.402300 0.334985 0
0.695012 0.076165 0.833524 0.316187 0.753311 0.710006 1
0.101264 0.276896 0.685582 0.830451 0.307392 0.275790 1
0.305138 0.331106 0.536958 0.513928 0.739966 0.501193 1
0.391103 0.533208 0.338469 0.989935 0.881589 0.560659 1
0.617448 0.145854 0.713497 0.310737 0.233033 0.301414 0
0.217266 0.046374 0.130409 0.943765 0.664200 0.432711 0
0.457614 0.331908 0.096454 0.704232 0.400703 0.144410 0
0.370445 0.877040 0.340590 0.004043 0.363026 0.098783 0
0.025732 0.056561 0.552519 0.918697 0.341476 0.725082 1
0.984875 0.270202 0.258257 0.424067 0.133014 0.640182 0
0.299830 0.829816 0.824303 0.946451 0.798392 0.031858 1
0.680874 0.817604 0.807019 0.288892 0.985027 0.646391 1
0.283796 0.476030 0.270299 0.448690 0.450978 0.989737 0
0.679086 0.269116 0.179835 0.545530 0.441989 0.609870 0
0.336965 0.995735 0.312882 0.908142 0.167315 0.936386 1
0.738017 0.878920 0.250197 0.731019 0.645276 0.883800 1
0.948442 0.740069 0.839511 0.608772 0.564732 0.664237 1
0.318160 0.981171 0.394390 0.474078 0.127919 0.541068 0
0.051008 0.742138 0.547772 0.270621 0.293721 0.778191 0
0.964023 0.274120 0.190925 0.456318 0.138692 0.551734 0
0.442943 0.277991 0.958183 0.391205 0.207030 0.574543 1
0.222825 0.352901 0.375988 0.553773 0.160885 0.310823 0
0.163666 0.137514 0.904135 0.776648 0.824392 0.065461 1
0.692159 0.761922 0.845834 0.649936 0.735160 0.349945 0
0.896326 0.254729 0.860689 0.253430 0.112255 0.885540 0
0.148345 0.422593 0.802303 0.479684 0.043021 0.590807 1
0.689750 0.089540 0.026696 0.104403 0.986006 0.154532 1
0.237093 0.126482 0.879924 0.450959 0.448255 0.933494 1
0.533211 0.030133 0.761857 0.669567 0.903450 0.650101 1
0.274953 0.078223 0.557514 0.831528 0.200231 0.237281 1
0.418493 0.529608 0.639132 0.106719 0.663033 0.600812 0
0.357114 0.357871 0.130851 0.404553 0.557309 0.824421 0
0.807811 0.852118 0.183792 0.085296 0.915165 0.508001 1
0.883488 0.484642 0.338100 0.922761 0.240023 0.141983 0
0.063004 0.997021 0.475824 0.314562 0.724569 0.902889 0
0.625512 0.740426 0.727390 0.243036 0.013506 0.970627 1
0.072493 0.059901 0.201449 0.023268 0.036337 0.402628 0
0.809711 0.817851 0.934212 0.641710 0.555472 0.812697 1
0.665854 0.190477 0.790174 0.413740 0.842924 0.226580 1
0.436151 0.503912 0.958256 0.570132 0.165021 0.056145 1
0.105412 0.087916 0.431048 0.248758 0.295041 0.235945 0
0.831422 0.387378 0.265973 0.020566 0.570112 0.102036 1
0.673066 0.032131 0.613803 0.164363 0.691058 0.388577 1
0.827840 0.941340 0.744596 0.646897 0.089419 0.809440 1
0.081035 0.430665 0.076326 0.402464 0.459103 0.458053 0
0.939989 0.060469 0.046879 0.812072 0.753728 0.272262 1
0.603800 0.896058 0.562394 0.392279 0.843838 0.594028 1
0.198363 0.445139 0.207507 0.489126 0.473503 0.611288 0
0.700783 0.269959 0.594213 0.286066 0.836254 0.508998 1
0.344234 0.068275 0.211624 0.309570 0.480859 0.073640 0
0.564070 0.209410 0.552803 0.060134 0.248677 0.549755 0
0.371714 0.527809 0.252705 0.135670 0.567817 0.132602 0
0.116351 0.479018 0.969774 0.389669 0.145306 0.614520 1
0.935133 0.073811 0.759189 0.757451 0.860948 0.582559 1
0.369490 0.854085 0.275019 0.726364 0.180613 0.906939 1
0.858221 0.141715 0.271296 0.626537 0.254324 0.886962 0
0.654835 0.090389 0.253595 0.901872 0.645491 0.202357 1
0.691463 0.579868 0.734848 0.506026 0.751203 0.910498 1
0.478826 0.456746 0.111248 0.396066 0.756501 0.926358 0
0.846823 0.103365 0.360707 0.682770 0.527070 0.483110 1
0.369666 0.450308 0.531137 0.457462 0.462880 0.422578 1
0.388681 0.377649 0.512532 0.010538 0.454429 0.959122 1
0.100824 0.169495 0.536973 0.685124 0.454727 0.751553 1
0.081972 0.003309 0.256924 0.823705 0.029624 0.999368 0
0.262394 0.908219 0.677523 0.358427 0.454100 0.442037 0
0.157783 0.039594 0.636134 0.853263 0.446433 0.816156 1
0.278944 0.372703 0.530734 0.542838 0.478929 0.154200 1
0.159811 0.793791 0.042388 0.689591 0.952564 0.405277 1
0.003900 0.818323 0.878100 0.695690 0.112837 0.740401 1
0.774067 0.987875 0.489042 0.472634 0.279604 0.179957 0
0.349312 0.181714 0.618082 0.140242 0.632978 0.912229 1
0.468160 0.021226 0.640468 0.958718 0.516663 0.682205 1
0.374286 0.089146 0.904610 0.517133 0.144180 0.456062 1
0.174327 0.468026 0.703258 0.276749 0.058259 0.391424 1
0.082733 0.682485 0.453772 0.014622 0.507947 0.534214 0
0.898825 0.252614 0.489692 0.108500 0.481059 0.533760 0
0.572133 0.489401 0.691072 0.970668 0.497762 0.672118 0
0.352233 0.461697 0.208444 0.396484 0.913313 0.198601 0
0.674019 0.074967 0.089192 0.095503 0.205060 0.547611 0
0.802649 0.651137 0.824551 0.132711 0.965256 0.316222 0
0.379507 0.358194 0.466072 0.945494 0.377742 0.598394 0
0.297078 0.540840 0.779163 0.441481 0.625970 0.232405 0
0.970436 0.205830 0.046931 0.433020 0.102003 0.201376 0
0.169371 0.879590 0.149892 0.977226 0.893503 0.664013 1
0.441289 0.909887 0.832622 0.397067 0.833099 0.233187 0
0.728198 0.915849 0.359004 0.627503 0.889740 0.272213 0
0.778443 0.437697 0.763698 0.283563 0.524890 0.714571 1
0.663382 0.896440 0.378048 0.533470 0.388357 0.107405 0
0.977372 0.189057 0.633268 0.457718 0.335328 0.064185 0
0.119883 0.596156 0.190279 0.067012 0.830656 0.300695 0
0.398843 0.740277 0.728810 0.895318 0.651869 0.842350 1
0.948109 0.038061 0.876808 0.960986 0.705190 0.751928 1
0.353233 0.059994 0.534671 0.952161 0.245603 0.661871 1
0.901046 0.373941 0.141263 0.396404 0.465538 0.242517 0
0.941847 0.359166 0.076265 0.622468 0.152088 0.433733 0
0.276265 0.118943 0.329039 0.483267 0.179624 0.087130 0
0.550848 0.584026 0.389045 0.841531 0.776715 0.092177 0
0.040448 0.288378 0.415354 0.950025 0.558482 0.661323 0
0.172154 0.122386 0.508996 0.645416 0.622478 0.522734 1
0.249861 0.619479 0.930091 0.962862 0.417682 0.121034 1
0.489248 0.240546 0.974330 0.705728 0.343917 0.242209 1
0.947057 0.171782 0.360983 0.273965 0.953274 0.200105 1
0.861979 0.386960 0.236217 0.653369 0.780669 0.879492 1
0.482388 0.591499 0.784060 0.496364 0.070630 0.757391 0
0.582927 0.576450 0.547514 0.070376 0.515952 0.211947 0
0.823204 0.565451 0.203838 0.070185 0.540561 0.658611 1
0.513582 0.439632 0.610293 0.339356 0.351851 0.294502 0
0.508621 0.545561 0.864009 0.416696 0.239959 0.651847 1
0.355235 0.710367 0.267558 0.216615 0.996496 0.189044 0
0.661336 0.827251 0.615440 0.677486 0.237251 0.198245 0
0.360313 0.583247 0.141358 0.215767 0.202043 0.561835 0
0.925927 0.771194 0.056378 0.276016 0.420444 0.143936 0
0.353564 0.180609 0.458182 0.252549 0.209293 0.733311 0
0.977650 0.783459 0.513994 0.825005 0.682982 0.084059 0
0.611937 0.255975 0.786470 0.597095 0.433157 0.720543 0
0.014000 0.290210 0.218680 0.163594 0.133808 0.956970 0
0.097468 0.410599 0.753600 0.213049 0.268985 0.588946 1
0.520015 0.853218 0.353003 0.676705 0.001566 0.138518 0
0.938333 0.321860 0.555532 0.425317 0.626581 0.182109 1
0.757685 0.648590 0.041422 0.860802 0.264210 0.640679 1
0.548502 0.178011 0.401198 0.695059 0.297758 0.365510 0
0.059687 0.434333 0.012535 0.968386 0.158213 0.246564 0
0.344680 0.965148 0.466795 0.421909 0.345539 0.273028 0
0.939605 0.351156 0.617872 0.747615 0.692358 0.252532 1
0.899446 0.523856 0.219340 0.114937 0.215350 0.419428 0
0.625725 0.264122 0.634085 0.077385 0.043545 0.550152 0
0.664834 0.996884 0.862661 0.977828 0.890074 0.989517 1
0.188641 0.692674 0.019390 0.745610 0.710084 0.911479 1
0.204341 0.433606 0.785461 0.412927 0.565264 0.260296 1
0.389471 0.443170 0.011584 0.000283 0.057802 0.546982 0
0.868703 0.830081 0.571083 0.089292 0.891009 0.944884 1
0.248562 0.544776 0.108176 0.855785 0.806045 0.902697 1
0.282225 0.402713 0.987677 0.484624 0.321079 0.116155 1
0.122018 0.728715 0.770925 0.414574 0.417404 0.309770 0
0.664728 0.133911 0.113379 0.852020 0.660048 0.568890 1
0.499856 0.882667 0.590667 0.180327 0.374195 0.444207 0
0.726623 0.785304 0.470904 0.401202 0.871612 0.957596 1
0.401152 0.733255 0.589849 0.614485 0.239739 0.918777 1
0.869072 0.018144 0.223854 0.865697 0.761226 0.852468 1
0.772006 0.098600 0.473813 0.993997 0.659659 0.339422 1
0.148627 0.778653 0.492236 0.284839 0.360084 0.406040 0
0.943429 0.413595 0.658529 0.014874 0.470805 0.439278 0
0.780165 0.233785 0.361358 0.392242 0.756016 0.067812 1
0.849706 0.622298 0.630506 0.741942 0.692252 0.624497 1
0.293043 0.581013 0.177718 0.393780 0.119431 0.824129 0
0.949683 0.026709 0.603088 0.962474 0.928800 0.607449 1
0.946574 0.131402 0.543557 0.985057 0.203699 0.476068 0
0.282560 0.112816 0.896770 0.267195 0.437509 0.539330 1
0.013281 0.288612 0.437922 0.753084 0.996978 0.445100 0
0.123399 0.341165 0.603489 0.229249 0.869332 0.866295 1
0.083173 0.296840 0.648479 0.401342 0.238722 0.674488 1
0.196198 0.794802 0.658001 0.972782 0.623838 0.847525 1
0.501038 0.662113 0.780231 0.307243 0.281486 0.265942 0
0.043532 0.907373 0.051657 0.679403 0.598605 0.207263 1
0.770420 0.693042 0.452906 0.674843 0.558252 0.417332 0
0.565337 0.305058 0.186843 0.850521 0.566786 0.836938 1
0.161322 0.768934 0.451635 0.439183 0.030669 0.539613 0
0.396696 0.856503 0.054000 0.876769 0.776543 0.094038 1
0.870046 0.614602 0.760230 0.998685 0.124190 0.351797 0
0.929681 0.982508 0.947236 0.402268 0.971201 0.302222 0
0.834926 0.019757 0.230413 0.459045 0.071336 0.368500 0
0.394869 0.030091 0.080392 0.010424 0.428083 0.119004 0
0.132892 0.136738 0.982892 0.703784 0.884585 0.400639 1
0.390855 0.114949 0.703801 0.395836 0.311167 0.951585 1
0.476858 0.709623 0.946491 0.600731 0.074751 0.538223 1
0.306823 0.159765 0.620015 0.758082 0.240234 0.296634 1
0.205078 0.192997 0.934187 0.926746 0.568097 0.496786 1
0.619908 0.146655 0.805290 0.939694 0.498334 0.725214 0
0.502805 0.225821 0.136470 0.829584 0.530981 0.130760 1
0.231371 0.929380 0.476157 0.812622 0.209239 0.849456 1
0.585805 0.500747 0.871296 0.550413 0.858706 0.233303 0
0.591148 0.739709 0.562242 0.444792 0.583260 0.834851 1
0.080362 0.035768 0.520228 0.656891 0.241443 0.064307 1
0.440278 0.370818 0.107284 0.499713 0.415426 0.541836 0
0.669648 0.912131 0.297588 0.065466 0.594376 0.694552 1
0.298932 0.879515 0.503715 0.121452 0.655476 0.606470 0
0.773448 0.693317 0.434847 0.643059 0.726768 0.014056 0
0.395705 0.921006 0.169048 0.499837 0.462021 0.217490 0
0.177276 0.458674 0.087854 0.721397 0.976497 0.918485 0
0.957589 0.020507 0.201687 0.876992 0.084983 0.267805 0
0.085176 0.040074 0.191938 0.813359 0.203648 0.917674 0
0.129273 0.424373 0.742865 0.039484 0.244529 0.937010 1
0.548931 0.490384 0.207423 0.533861 0.918163 0.293324 1
0.848615 0.787772 0.070753 0.257314 0.072569 0.159310 0
0.354087 0.530986 0.356346 0.586083 0.904140 0.039376 1
0.229440 0.924641 0.743587 0.140964 0.095474 0.968241 0
0.073258 0.686107 0.032580 0.446098 0.494037 0.048814 0
0.258880 0.288410 0.864300 0.103280 0.145770 0.735034 1
0.410213 0.905475 0.163252 0.819803 0.185834 0.077308 1
0.130520 0.984808 0.820990 0.320146 0.888321 0.379039 0
0.346272 0.536789 0.564110 0.822956 0.073130 0.374746 1
0.501500 0.269609 0.899181 0.896563 0.593935 0.070470 1
0.035456 0.608449 0.039355 0.589122 0.303126 0.922859 1
0.041684 0.127228 0.425867 0.568199 0.260164 0.870890 0
0.853463 0.238975 0.352574 0.785526 0.784763 0.155495 1
0.377070 0.947503 0.749661 0.679699 0.341270 0.339147 1
0.180010 0.125079 0.328476 0.103248 0.864112 0.459123 0
0.505190 0.289714 0.900666 0.204172 0.343317 0.476410 0
0.346146 0.413702 0.559911 0.770176 0.895893 0.360568 1
0.258759 0.279296 0.643128 0.716458 0.469650 0.951582 1
0.901679 0.789569 0.077259 0.584883 0.376645 0.254597 0
0.861256 0.875508 0.733876 0.554452 0.798790 0.177900 0
0.022079 0.258452 0.118818 0.533351 0.653506 0.809740 0
0.662782 0.509974 0.791767 0.343469 0.171540 0.001404 0
0.720557 0.036579 0.318026 0.972026 0.368266 0.846121 0
0.354499 0.764145 0.897269 0.536944 0.189140 0.043827 1
0.002981 0.429956 0.349119 0.128341 0.566518 0.917877 0
0.525840 0.727552 0.127982 0.145668 0.988736 0.517805 1
0.555904 0.718606 0.169877 0.880434 0.755889 0.690994 1
0.881408 0.310345 0.250884 0.689350 0.850870 0.335988 1
0.056750 0.058730 0.383372 0.081063 0.628629 0.012325 0
0.566699 0.759996 0.791276 0.044828 0.846743 0.832212 1
0.241249 0.036107 0.633111 0.827260 0.418200 0.794713 1
0.773205 0.126419 0.183141 0.122577 0.162856 0.031563 0
0.055080 0.894524 0.194979 0.014477 0.694911 0.146659 0
0.727256 0.460013 0.770323 0.665748 0.157785 0.445064 0
0.685501 0.392545 0.231124 0.823491 0.954286 0.281745 1
0.889520 0.042144 0.113395 0.890859 0.336715 0.608866 0
0.546326 0.098608 0.895044 0.172716 0.127945 0.591856 0
0.302463 0.812048 0.175128 0.443362 0.883268 0.271927 0
0.224249 0.871431 0.573925 0.206296 0.605541 0.297131 0
0.287471 0.680673 0.725540 0.421374 0.747279 0.376618 0
0.020064 0.127774 0.070642 0.583455 0.486347 0.758909 0
0.942430 0.450252 0.890503 0.975031 0.778650 0.340485 1
0.795811 0.756764 0.708524 0.147342 0.711857 0.262471 0
0.158627 0.635228 0.200483 0.288485 0.079913 0.717833 0
0.211886 0.408184 0.329336 0.332768 0.909453 0.123450 0
0.350566 0.828103 0.151614 0.769139 0.357333 0.838185 1
0.943770 0.234838 0.685673 0.122146 0.126756 0.661134 0
0.620366 0.726684 0.521471 0.829628 0.661095 0.651662 1
0.517999 0.100425 0.314135 0.044276 0.019679 0.565411 0
0.837450 0.250834 0.769449 0.445010 0.939542 0.101933 1
0.963679 0.185486 0.421212 0.891149 0.237863 0.941524 0
0.330754 0.713784 0.295439 0.552446 0.390393 0.110449 1
0.358062 0.171040 0.910165 0.019877 0.416217 0.348287 1
0.240763 0.948351 0.780946 0.634711 0.047425 0.687369 1
0.293178 0.631727 0.691161 0.002320 0.260398 0.991490 0
0.357849 0.286692 0.626645 0.648433 0.640491 0.086775 1
0.389363 0.807226 0.082896 0.478538 0.989849 0.647970 0
0.872901 0.309198 0.695497 0.287034 0.186527 0.912083 0
0.232532 0.067324 0.551283 0.285325 0.287968 0.568553 1
0.001412 0.498853 0.682538 0.911528 0.846296 0.485976 1
0.504173 0.902194 0.530222 0.376015 0.569381 0.707818 1
0.113072 0.888319 0.893995 0.506647 0.155028 0.343698 1
0.108468 0.059595 0.520871 0.545347 0.994616 0.417730 1
0.735178 0.661900 0.838376 0.776465 0.723130 0.733899 1
0.492242 0.628355 0.835281 0.999764 0.677194 0.806475 1
0.725299 0.652080 0.833131 0.536231 0.293555 0.255256 0
0.271665 0.899972 0.956968 0.521351 0.082330 0.184575 1
0.786247 0.053099 0.533208 0.766231 0.548241 0.918907 1
0.344797 0.826035 0.158075 0.636325 0.654719 0.946697 1
0.738815 0.802170 0.253290 0.347473 0.107582 0.751370 1
0.404035 0.157282 0.923768 0.331707 0.878400 0.243698 1
0.321854 0.633529 0.860896 0.690177 0.374699 0.069515 1
0.364191 0.986403 0.502219 0.808206 0.549533 0.883858 1
0.141455 0.805818 0.923757 0.491365 0.372574 0.808180 0
0.415148 0.056744 0.939300 0.015860 0.214097 0.716128 1
0.522581 0.660355 0.769045 0.289535 0.637759 0.061564 0
0.398541 0.255790 0.303377 0.017424 0.240968 0.278557 0
0.827309 0.086560 0.747902 0.969969 0.237561 0.980215 0
0.252729 0.862615 0.055869 0.211246 0.156292 0.373421 0
0.969078 0.464352 0.852234 0.099368 0.929244 0.826882 1
0.336714 0.004917 0.626578 0.675530 0.103439 0.527191 1
0.296553 0.059767 0.339177 0.821356 0.260465 0.051703 0
0.731064 0.174731 0.770315 0.324026 0.854214 0.522457 1
0.575543 0.397209 0.908741 0.796315 0.411470 0.732471 0
0.394144 0.861953 0.962652 0.132802 0.026319 0.047858 0
0.754956 0.935551 0.719092 0.983202 0.522552 0.389685 0
0.531627 0.802789 0.589746 0.907493 0.032601 0.286409 0
0.018126 0.194068 0.239992 0.787177 0.680683 0.970211 0
0.580411 0.439559 0.250049 0.075555 0.004918 0.689455 0
0.019029 0.194626 0.998313 0.850756 0.558236 0.047678 1
0.879074 0.945526 0.490817 0.724198 0.588247 0.464223 0
0.241675 0.484969 0.718638 0.774700 0.930462 0.970167 1
0.259497 0.976897 0.650687 0.786232 0.103955 0.962442 1
0.712887 0.167349 0.185168 0.301979 0.417932 0.825037 0
0.739703 0.799220 0.804785 0.523008 0.246686 0.720741 1
0.513172 0.181543 0.888608 0.818906 0.776396 0.311207 1
0.268206 0.915663 0.568061 0.269728 0.420440 0.836638 0
0.297229 0.833480 0.079742 0.533348 0.781237 0.850556 1
0.363191 0.674718 0.371025 0.282504 0.546444 0.751546 0
0.222194 0.589177 0.883142 0.513480 0.857260 0.018602 1
0.247068 0.233706 0.613553 0.260338 0.640847 0.678391 1
0.451575 0.659336 0.209917 0.221404 0.174129 0.166685 0
0.553926 0.072681 0.477161 0.683108 0.055400 0.496257 0
0.801151 0.299239 0.434674 0.440258 0.948986 0.407696 1
0.954537 0.002849 0.940530 0.963907 0.280838 0.182724 0
0.793789 0.284182 0.729996 0.681439 0.994395 0.098539 1
0.044027 0.156464 0.027224 0.317663 0.909179 0.623921 0
0.977039 0.931025 0.853360 0.750279 0.302703 0.311990 0
0.036597 0.291928 0.438531 0.301509 0.329155 0.432434 0
0.841595 0.117227 0.707812 0.163376 0.821125 0.781194 1
0.570453 0.944885 0.859840 0.015531 0.192579 0.282919 0
0.633897 0.684254 0.067038 0.476682 0.648226 0.156719 0
0.529055 0.577929 0.078269 0.838988 0.257497 0.958845 1
0.210257 0.912202 0.661615 0.875165 0.627639 0.289243 1
0.755138 0.663828 0.932160 0.196990 0.297294 0.917422 1
0.054476 0.290128 0.495578 0.671895 0.349319 0.943514 0
0.563933 0.082331 0.238355 0.510475 0.977460 0.188726 1
0.780485 0.950464 0.878842 0.127218 0.286800 0.883738 1
0.455945 0.211430 0.870972 0.767666 0.037326 0.609599 1
0.337108 0.869819 0.342718 0.618328 0.548403 0.317861 1
0.845156 0.192343 0.753998 0.273340 0.666957 0.568740 1
0.039450 0.724826 0.666722 0.668974 0.191075 0.256817 1
0.692291 0.417064 0.259490 0.305521 0.167540 0.520415 0
0.187356 0.191903 0.008367 0.643230 0.339159 0.184464 0
0.876380 0.357099 0.981708 0.377591 0.922989 0.968304 1
0.855645 0.736926 0.203836 0.359973 0.694788 0.372703 0
0.513641 0.420638 0.310925 0.013509 0.495849 0.068305 0
0.446069 0.456831 0.899003 0.013699 0.816425 0.332854 1
0.745928 0.651728 0.186706 0.099289 0.514834 0.431290 0
0.686599 0.356452 0.332151 0.687829 0.481204 0.657512 0
0.255402 0.472096 0.497301 0.587574 0.359287 0.462096 0
0.595011 0.893252 0.114813 0.998694 0.501181 0.558791 1
0.776361 0.733729 0.415040 0.310993 0.571453 0.285085 0
0.546516 0.223354 0.162535 0.253856 0.764241 0.200492 1
0.976786 0.434408 0.255078 0.724351 0.353562 0.613080 0
0.148644 0.473583 0.931220 0.028459 0.127335 0.915840 1
0.599296 0.237173 0.330491 0.662664 0.802150 0.815268 1
0.360011 0.139001 0.281282 0.220383 0.284403 0.966886 0
0.721516 0.113849 0.537768 0.914178 0.353413 0.148692 0
0.105235 0.070280 0.320326 0.320490 0.524850 0.308005 0
0.209529 0.526732 0.904352 0.302710 0.305204 0.065128 0
0.303624 0.495592 0.891530 0.045029 0.872106 0.621996 1
0.962196 0.531673 0.469229 0.669506 0.739490 0.576841 1
0.449618 0.788849 0.497845 0.463427 0.428215 0.569886 0
0.799760 0.817405 0.894587 0.461287 0.973770 0.254942 0
0.025974 0.315901 0.589874 0.010653 0.819728 0.911919 1
0.038514 0.222990 0.759299 0.375232 0.883696 0.686471 1
0.897311 0.099340 0.700111 0.586022 0.189764 0.397474 0
0.636188 0.651936 0.075115 0.275688 0.948722 0.375353 0
0.982492 0.805503 0.348746 0.580065 0.771993 0.589007 1
0.246757 0.867678 0.057228 0.096888 0.128931 0.243769 0
0.160865 0.762813 0.189507 0.114136 0.895732 0.266652 0
0.446017 0.010695 0.956252 0.313001 0.042977 0.216845 1
0.040602 0.951995 0.433059 0.733258 0.805332 0.771230 1
0.257536 0.902799 0.771808 0.700099 0.360921 0.738994 1
0.442152 0.157034 0.087891 0.358396 0.278052 0.641391 0
0.192818 0.560563 0.327833 0.056331 0.923077 0.084702 0
0.994176 0.815662 0.436823 0.701243 0.469678 0.422221 0
0.944116 0.426660 0.251657 0.521809 0.586535 0.725058 1
0.788501 0.310297 0.108510 0.689341 0.213976 0.687536 0
0.328209 0.016550 0.359456 0.786387 0.455519 0.879854 0
0.379802 0.164213 0.421859 0.345775 0.339659 0.578697 0
0.765994 0.744938 0.452365 0.568829 0.997286 0.279355 0
0.161949 0.090506 0.061695 0.507999 0.862456 0.203743 0
0.297605 0.606196 0.805720 0.766024 0.951871 0.223899 1
0.930527 0.858908 0.899880 0.993270 0.700070 0.554769 1
0.476774 0.923373 0.389083 0.438255 0.008325 0.864490 0
0.428417 0.435511 0.036241 0.809539 0.668881 0.547048 0
0.968409 0.436904 0.314995 0.767667 0.565521 0.470312 1
0.936884 0.460031 0.639827 0.867795 0.884743 0.939303 1
0.871274 0.519309 0.385936 0.375769 0.593173 0.047290 0
0.241160 0.450642 0.157733 0.802945 0.182934 0.175352 0
0.685793 0.061598 0.269677 0.259637 0.467387 0.465682 0
0.480202 0.486266 0.852060 0.658522 0.599171 0.419107 1
0.052137 0.695285 0.626853 0.054581 0.097551 0.614445 0
0.435981 0.436574 0.673761 0.543855 0.551230 0.706201 1
0.317720 0.360779 0.124160 0.620835 0.620378 0.765927 0
0.438172 0.080842 0.056166 0.054024 0.091820 0.225691 0
0.436015 0.885387 0.209149 0.949341 0.830922 0.192109 1
0.550506 0.690524 0.736008 0.121065 0.920100 0.204321 0
0.663170 0.439881 0.146791 0.578444 0.740131 0.849617 1
0.538260 0.591959 0.599519 0.006395 0.523388 0.132220 0
0.719623 0.735808 0.126073 0.166291 0.684588 0.571236 1
0.038999 0.216220 0.056244 0.074454 0.315596 0.261834 0
0.341845 0.753503 0.224256 0.664417 0.299497 0.531877 1
0.822292 0.826749 0.271409 0.348607 0.586479 0.463112 0
0.700774 0.189672 0.494439 0.242120 0.238573 0.570568 0
0.117839 0.537575 0.330460 0.747856 0.046957 0.922022 1
0.657801 0.669412 0.505647 0.463079 0.328590 0.672023 1
0.479841 0.061756 0.040340 0.680462 0.674077 0.537607 0
0.453471 0.038922 0.471386 0.443882 0.602234 0.762991 0
0.228216 0.252938 0.487428 0.700224 0.456482 0.462592 0
0.378461 0.306401 0.677710 0.449776 0.443058 0.107240 1
0.920930 0.528531 0.189145 0.534064 0.552249 0.482695 0
0.094564 0.069717 0.911550 0.741059 0.429928 0.935478 1
0.808650 0.749074 0.333625 0.560159 0.123196 0.077400 0
0.691071 0.419048 0.889516 0.849455 0.184935 0.957296 0
0.563599 0.726831 0.610252 0.542864 0.189896 0.527895 1
0.275436 0.266770 0.357426 0.577311 0.656218 0.397131 0
0.918165 0.973306 0.894016 0.915598 0.784268 0.261158 0
0.245938 0.826361 0.505232 0.065096 0.342452 0.878615 0
0.567735 0.533378 0.092573 0.585382 0.780704 0.189453 0
0.121509 0.241970 0.023679 0.229626 0.447510 0.974181 0
0.425283 0.415643 0.505228 0.044840 0.396965 0.115363 1
0.478446 0.894921 0.633816 0.271794 0.013584 0.344561 0
0.159519 0.555943 0.913095 0.455355 0.268922 0.022955 0
0.803662 0.981136 0.369132 0.498354 0.067417 0.422276 0
0.123479 0.666525 0.973017 0.595557 0.569803 0.601548 1
0.215094 0.289962 0.023748 0.040489 0.976462 0.319081 0
0.057347 0.194584 0.047073 0.836976 0.868459 0.663886 0
0.522205 0.771827 0.511737 0.064149 0.768343 0.951034 1
0.759231 0.020700 0.474394 0.669048 0.051029 0.132674 0
0.859335 0.886625 0.997055 0.734102 0.451872 0.474671 0
0.442943 0.935652 0.999345 0.644755 0.048523 0.069531 1
0.751387 0.861035 0.801646 0.509718 0.104006 0.444374 0
0.140563 0.358542 0.258814 0.141233 0.856608 0.894164 0
0.104011 0.487485 0.148073 0.269072 0.978973 0.492176 0
0.124030 0.348037 0.142739 0.968298 0.052564 0.811460 0
0.040159 0.556663 0.344421 0.482921 0.944673 0.477339 0
0.367679 0.702785 0.302109 0.719900 0.993319 0.522881 1
0.519346 0.214548 0.781706 0.193116 0.799083 0.308283 1
0.311848 0.227006 0.882394 0.032352 0.332893 0.298232 1
0.400434 0.346320 0.379978 0.473047 0.835833 0.801325 0
0.757743 0.522136 0.072006 0.915302 0.385501 0.829458 1
0.643654 0.104048 0.998041 0.949602 0.894009 0.356166 1
0.663256 0.028722 0.371950 0.726173 0.193625 0.247732 0
0.305209 0.318606 0.742292 0.540995 0.250378 0.326658 1
0.082285 0.527169 0.801423 0.096381 0.512273 0.616548 0
0.916805 0.427492 0.869701 0.389642 0.479764 0.032228 0
0.213625 0.993427 0.167402 0.964183 0.318647 0.147232 1
0.483134 0.922764 0.467541 0.549871 0.325656 0.119611 1
0.199517 0.073112 0.088963 0.012904 0.259371 0.359608 0
0.835390 0.150311 0.541881 0.397414 0.272493 0.754412 0
0.798585 0.933332 0.805173 0.794309 0.080037 0.390015 0
0.131320 0.806645 0.834448 0.261904 0.939356 0.204008 0
0.100122 0.177964 0.530844 0.952965 0.402440 0.999130 1
0.780473 0.909400 0.727000 0.568163 0.932747 0.267552 0
0.587849 0.245984 0.067614 0.870401 0.279282 0.385683 0
0.474414 0.810854 0.820743 0.030557 0.806528 0.654763 0
0.342568 0.111666 0.341614 0.121777 0.057424 0.544879 0
0.924706 0.221990 0.008186 0.954902 0.701419 0.277370 1
0.378467 0.824414 0.358479 0.340842 0.884740 0.890988 0
0.862485 0.272440 0.426403 0.737966 0.648718 0.360375 1
0.101947 0.072946 0.988947 0.661366 0.462522 0.341873 1
0.635996 0.823849 0.802891 0.915843 0.846191 0.905833 1
0.732846 0.002257 0.107316 0.335125 0.124490 0.267871 0
0.041071 0.556989 0.619740 0.837117 0.723410 0.749971 1
0.534201 0.051422 0.528736 0.438754 0.000459 0.964792 0
0.290649 0.607151 0.544440 0.696311 0.324602 0.601678 1
0.378601 0.557681 0.578230 0.091208 0.032327 0.366643 0
0.089412 0.951999 0.702653 0.250603 0.952650 0.777244 0
0.226236 0.559909 0.598086 0.056389 0.937648 0.123904 0
0.094357 0.563636 0.606611 0.092943 0.859599 0.130464 0
0.207028 0.137911 0.108716 0.019640 0.936141 0.398466 0
0.188565 0.878101 0.161421 0.641496 0.254695 0.976435 1
0.438927 0.567169 0.487339 0.142890 0.927695 0.307911 0
0.627490 0.026924 0.548241 0.715887 0.063389 0.743920 0
0.136587 0.671155 0.627245 0.720079 0.450670 0.432351 1
0.768609 0.178320 0.076009 0.688295 0.478858 0.511286 0
0.689804 0.200804 0.511101 0.184282 0.110029 0.693341 0
0.700397 0.098825 0.741257 0.592026 0.617568 0.003169 1
0.079527 0.384919 0.810859 0.639857 0.340672 0.051305 1
0.588691 0.477377 0.098275 0.907138 0.241989 0.023244 0
0.365336 0.185674 0.513820 0.142492 0.839484 0.844065 1
0.512302 0.987642 0.557864 0.939754 0.227412 0.321880 0
0.236612 0.143744 0.053401 0.690578 0.325945 0.491232 0
0.718622 0.374232 0.821163 0.961536 0.338238 0.444903 0
0.217651 0.121829 0.763265 0.199912 0.046968 0.644041 1
0.987472 0.826886 0.978926 0.145667 0.402606 0.001692 0
0.239473 0.074096 0.964189 0.836905 0.412211 0.273305 1
0.023283 0.278174 0.984652 0.376916 0.794858 0.426222 1
0.443245 0.820029 0.766254 0.021312 0.209300 0.626301 0
0.933989 0.710121 0.968363 0.393609 0.510681 0.642854 1
0.043228 0.577238 0.374615 0.583910 0.626080 0.088393 1
0.183961 0.427054 0.455724 0.374900 0.841133 0.666640 0
0.236715 0.731420 0.862777 0.706617 0.668165 0.244241 1
0.932593 0.195260 0.946926 0.189553 0.387946 0.547513 0
0.534803 0.026258 0.533973 0.886217 0.246053 0.946289 0
0.725189 0.527326 0.095987 0.613364 0.005657 0.571665 1
0.625611 0.163642 0.735051 0.547518 0.686900 0.760751 1
0.633655 0.620318 0.777973 0.345272 0.181415 0.596234 1
0.421065 0.404883 0.827716 0.255671 0.654566 0.875094 1
0.307123 0.853026 0.721016 0.551116 0.382538 0.846917 1
0.860069 0.789831 0.801807 0.382507 0.004153 0.199735 0
0.177858 0.523916 0.820606 0.574507 0.668244 0.838035 1
0.605717 0.948895 0.062353 0.583353 0.514499 0.021421 0
0.178743 0.729881 0.493079 0.496977 0.796606 0.846167 0
0.656968 0.855530 0.107620 0.234908 0.098469 0.405457 0
0.662424 0.962350 0.606727 0.359427 0.710896 0.928636 1
0.701590 0.891450 0.532856 0.080989 0.485191 0.346269 0
0.002613 0.466827 0.978601 0.498563 0.484806 0.192824 1
0.040858 0.820544 0.106798 0.988417 0.342475 0.358283 1
0.159451 0.420682 0.758527 0.695299 0.772191 0.255203 1
0.896486 0.106832 0.962613 0.980629 0.341911 0.694263 0
0.188690 0.359498 0.056921 0.367879 0.450911 0.236696 0
0.408886 0.402326 0.444203 0.414813 0.210326 0.162644 0
0.832943 0.312928 0.853642 0.460338 0.330723 0.408706 0
0.239609 0.529031 0.664460 0.077863 0.054638 0.571951 0
0.056140 0.279976 0.579035 0.035140 0.700218 0.680151 1
0.533316 0.993268 0.211439 0.751442 0.187862 0.532509 1
0.836066 0.182099 0.118600 0.768132 0.223750 0.150390 0
0.064109 0.406227 0.152941 0.481569 0.117260 0.263389 0
0.216924 0.775273 0.621575 0.480154 0.385071 0.618266 0
0.737822 0.016934 0.245639 0.069370 0.758082 0.555968 1
0.416646 0.197322 0.836193 0.642269 0.922282 0.770075 1
0.986708 0.277606 0.628380 0.103770 0.640809 0.261601 1
0.224738 0.369756 0.299000 0.613533 0.049108 0.323572 0
0.248302 0.974696 0.376335 0.630233 0.237782 0.223812 1
0.189021 0.794340 0.370370 0.064136 0.480822 0.357791 0
0.431539 0.253193 0.248701 0.055296 0.976382 0.132218 0
0.074354 0.746027 0.444870 0.751535 0.175631 0.886582 1
0.186736 0.055069 0.520339 0.149439 0.449628 0.754750 1
0.204621 0.081096 0.866227 0.994735 0.692984 0.534187 1
0.355490 0.037386 0.264373 0.295017 0.937616 0.225376 0
0.834007 0.314188 0.216823 0.670164 0.385471 0.715124 0
0.810901 0.748806 0.546918 0.126267 0.373066 0.989118 1
0.871365 0.908855 0.305270 0.484572 0.214974 0.243772 0
0.332645 0.823885 0.414258 0.164652 0.938326 0.618984 0
0.237407 0.000216 0.121110 0.826169 0.101035 0.198371 0
0.972094 0.123905 0.862425 0.091382 0.460115 0.425149 0
0.520704 0.453361 0.845625 0.158594 0.183125 0.139005 0
0.501773 0.783757 0.612984 0.529103 0.851897 0.696475 1
0.151331 0.451815 0.086613 0.759711 0.477337 0.897400 0
0.817325 0.205375 0.113707 0.994072 0.783457 0.425384 1
0.504180 0.503349 0.317023 0.147253 0.975310 0.302835 0
0.320632 0.739296 0.400683 0.333717 0.014931 0.534273 0
0.927521 0.627683 0.319713 0.435899 0.847283 0.071558 0
0.765399 0.660833 0.204863 0.190503 0.175531 0.268243 0
0.940557 0.172452 0.696899 0.284941 0.093633 0.038025 0
0.597555 0.841937 0.594446 0.561970 0.117263 0.708978 1
0.811428 0.833605 0.666827 0.593255 0.846241 0.126652 0
0.372775 0.068288 0.961456 0.945006 0.090177 0.339930 1
0.475788 0.966704 0.775636 0.041441 0.231497 0.613202 0
0.289649 0.307156 0.204426 0.754037 0.545210 0.911266 0
0.967766 0.710058 0.480610 0.304433 0.661701 0.967873 1
0.775937 0.004137 0.613749 0.135818 0.180398 0.192521 0
0.206159 0.779869 0.046119 0.834684 0.189938 0.207037 1
0.573560 0.424629 0.046976 0.734816 0.762490 0.565336 1
0.305676 0.782042 0.698379 0.023415 0.887312 0.416858 0
0.466977 0.439719 0.482103 0.604511 0.288633 0.509043 0
0.775360 0.617922 0.544984 0.359606 0.352630 0.885524 1
0.971936 0.936652 0.976491 0.441301 0.929670 0.600251 1
0.945605 0.576728 0.027221 0.096031 0.978334 0.661199 1
0.823124 0.007410 0.544304 0.586037 0.330322 0.190581 0
0.913697 0.534766 0.752238 0.122345 0.041725 0.176154 0
0.294685 0.629644 0.214756 0.426104 0.734044 0.649077 0
0.540630 0.089690 0.207522 0.685363 0.455222 0.186955 0
0.789563 0.923750 0.534146 0.624425 0.906054 0.618368 1
0.022147 0.668224 0.086950 0.145455 0.679783 0.596818 0
0.209033 0.449573 0.717780 0.936732 0.403813 0.957419 1
0.096828 0.409993 0.288932 0.258496 0.774911 0.977093 0
0.152342 0.825134 0.487243 0.484163 0.344647 0.201795 0
0.990729 0.025497 0.986309 0.676182 0.484412 0.277776 0
0.630171 0.124148 0.311644 0.998138 0.048952 0.567400 0
0.561136 0.429626 0.568867 0.862980 0.821797 0.135399 1
0.919332 0.077480 0.967543 0.350461 0.377831 0.353124 0
0.664228 0.152935 0.076211 0.815198 0.298655 0.422554 0
0.299956 0.937953 0.332159 0.167311 0.567453 0.263051 0
0.318455 0.496079 0.764496 0.697637 0.343837 0.990049 1
0.874691 0.763083 0.892848 0.431308 0.606004 0.247932 0
0.665493 0.514790 0.049338 0.640130 0.534072 0.761864 1
0.511024 0.073955 0.587119 0.118922 0.839806 0.583940 1
0.135651 0.721946 0.068511 0.801846 0.910453 0.277919 1
0.947527 0.859801 0.400675 0.893664 0.462100 0.381060 0
0.007950 0.885967 0.554566 0.916302 0.406215 0.791453 1
0.694449 0.327773 0.940675 0.718817 0.255991 0.774556 0
0.828220 0.817716 0.722631 0.468579 0.538405 0.668455 1
0.635357 0.092394 0.714095 0.018194 0.143298 0.421671 0
0.505187 0.535294 0.030987 0.668637 0.044252 0.316457 0
0.650377 0.057873 0.110454 0.971990 0.238480 0.909473 0
0.477445 0.565857 0.822590 0.305802 0.842119 0.293699 0
0.150966 0.832727 0.722243 0.418335 0.502558 0.119253 0
0.013425 0.712931 0.583749 0.071552 0.801146 0.626870 0
0.871050 0.959529 0.890912 0.711322 0.903582 0.236169 0
0.013075 0.395986 0.549951 0.548564 0.987211 0.972352 1
0.893415 0.986677 0.081607 0.667556 0.762441 0.993808 1
0.108367 0.744307 0.894777 0.056674 0.146894 0.309827 0
0.743455 0.921667 0.809598 0.282575 0.681106 0.758486 1
0.047895 0.712569 0.955355 0.568113 0.128960 0.860783 1
0.738055 0.262188 0.660126 0.448594 0.542029 0.905617 1
0.250732 0.743048 0.524443 0.186610 0.119256 0.758453 0
0.193649 0.519878 0.563662 0.385040 0.395856 0.553702 0
0.809252 0.312865 0.738428 0.056445 0.468178 0.873709 0
0.591469 0.075933 0.472980 0.413484 0.027803 0.191589 0
0.773252 0.313190 0.355569 0.608949 0.052815 0.133505 0
0.561147 0.512174 0.712181 0.217894 0.140753 0.160803 0
0.205666 0.094587 0.129709 0.812703 0.162227 0.990458 0
0.646106 0.270965 0.005977 0.458631 0.476486 0.230185 0
0.670660 0.137960 0.956264 0.489069 0.638742 0.947277 1
0.139577 0.221151 0.576990 0.161027 0.347396 0.697687 1
0.669491 0.825622 0.486834 0.070513 0.563847 0.163243 0
0.282072 0.840311 0.914075 0.937071 0.188872 0.185224 1
0.611280 0.864574 0.523781 0.192678 0.906885 0.604074 1
0.246936 0.569102 0.948899 0.675279 0.534337 0.382506 1
0.447690 0.884684 0.027015 0.018148 0.960687 0.430340 0
0.317893 0.932623 0.361791 0.474192 0.767517 0.057774 0
0.388328 0.971146 0.268541 0.876925 0.716445 0.482545 1
0.062651 0.599497 0.826857 0.601121 0.868980 0.814326 1
0.335170 0.220114 0.814671 0.211270 0.663455 0.416296 1
0.715460 0.204589 0.316711 0.032384 0.028316 0.811228 0
0.241744 0.940683 0.098093 0.212391 0.562895 0.608291 0
0.234974 0.142905 0.309832 0.769369 0.241790 0.719385 0
0.604289 0.838601 0.649022 0.186003 0.837534 0.792051 1
0.910927 0.650159 0.160835 0.582146 0.549446 0.677938 1
0.068962 0.324597 0.542626 0.573420 0.377515 0.224762 1
0.598453 0.329632 0.308843 0.215119 0.792542 0.074818 1
0.062216 0.130432 0.845129 0.580801 0.973095 0.157521 1
0.852188 0.860121 0.514391 0.226839 0.676602 0.952654 1
0.018785 0.680510 0.272186 0.448751 0.487525 0.436181 0
0.397818 0.454240 0.333033 0.093609 0.863199 0.330890 0
0.386262 0.080029 0.220310 0.546181 0.841900 0.142586 0
0.073658 0.457212 0.321724 0.910400 0.592731 0.631963 0
0.432606 0.541970 0.967485 0.815949 0.845799 0.933652 1
0.515759 0.782333 0.422286 0.453198 0.229151 0.996217 1
0.346934 0.929322 0.158001 0.852018 0.431028 0.280272 1
0.497634 0.303543 0.828009 0.593724 0.182566 0.969733 1
0.705773 0.147436 0.929309 0.610514 0.872573 0.760458 1
0.862698 0.427236 0.257323 0.798768 0.770053 0.837414 1
0.889655 0.784380 0.067141 0.077360 0.287724 0.325348 0
0.019259 0.822690 0.067280 0.798026 0.145384 0.744873 1
0.327898 0.306317 0.257030 0.263458 0.259441 0.382931 0
0.056122 0.534902 0.706767 0.214347 0.969316 0.980510 0
0.414493 0.869210 0.275601 0.006817 0.602609 0.390297 0
0.554890 0.966918 0.517964 0.396963 0.899626 0.384501 0
0.172102 0.196118 0.518345 0.846894 0.968727 0.835326 1
0.306535 0.507781 0.085871 0.004121 0.149672 0.084257 0
0.494417 0.460751 0.866640 0.817736 0.770288 0.521225 1
0.418007 0.181962 0.162955 0.455254 0.651802 0.853210 0
0.635781 0.186697 0.035705 0.685976 0.593727 0.486504 1
0.297941 0.300308 0.627422 0.675316 0.383282 0.051546 1
0.257668 0.982221 0.157676 0.710316 0.072881 0.931103 1
0.740404 0.975246 0.149999 0.189352 0.540264 0.743488 1
0.217065 0.271108 0.741317 0.435800 0.452494 0.132529 1
0.555926 0.557308 0.734085 0.467563 0.225613 0.139049 0
0.886936 0.926594 0.826473 0.269804 0.276898 0.521103 1
0.441033 0.726470 0.691567 0.570366 0.928302 0.786085 1
0.249861 0.388964 0.288543 0.372020 0.368869 0.890482 0
0.105454 0.901168 0.141041 0.934735 0.781075 0.563998 1
0.805472 0.258408 0.185761 0.040703 0.948631 0.250679 1
0.691599 0.263038 0.484152 0.262357 0.937691 0.923124 1
0.448180 0.414555 0.131836 0.883182 0.760156 0.488161 0
0.973098 0.021951 0.082281 0.211596 0.382424 0.288476 0
0.149096 0.204527 0.785036 0.471550 0.114493 0.739479 1
0.117650 0.142332 0.918761 0.779703 0.444064 0.308655 1
0.339245 0.749130 0.461490 0.980089 0.154451 0.998900 1
0.703411 0.275138 0.133923 0.350420 0.760366 0.942111 1
0.243826 0.275654 0.809924 0.876110 0.585589 0.165846 1
0.730171 0.253242 0.620121 0.173581 0.371392 0.250472 0
0.345257 0.592942 0.455223 0.528002 0.588701 0.541751 1
0.409570 0.734964 0.926657 0.400910 0.332762 0.637641 0
0.200437 0.669176 0.321227 0.320983 0.584253 0.656888 0
0.841815 0.664927 0.456896 0.841270 0.429811 0.057820 0
0.910114 0.982879 0.527832 0.344012 0.631315 0.212732 0
0.041538 0.297477 0.243839 0.606890 0.306080 0.334509 0
0.439789 0.290526 0.319087 0.987313 0.965196 0.614352 0
0.143877 0.032651 0.452138 0.656610 0.860645 0.895656 0
0.320941 0.562230 0.518116 0.276226 0.574237 0.630766 0
0.543742 0.801272 0.341483 0.216120 0.305608 0.679576 1
0.281053 0.485063 0.086357 0.679073 0.868362 0.546508 0
0.350048 0.523478 0.365868 0.498392 0.503131 0.276051 0
0.710554 0.042235 0.300266 0.135807 0.180323 0.064964 0
0.730332 0.595696 0.384218 0.860362 0.943093 0.868348 1
0.413456 0.539293 0.690883 0.751103 0.274134 0.204435 1
0.089986 0.982806 0.638493 0.677198 0.379389 0.811518 1
0.499700 0.070262 0.480773 0.771678 0.653528 0.650948 0
0.980148 0.351085 0.546136 0.681403 0.002014 0.474902 0
0.652440 0.245996 0.258377 0.660331 0.845025 0.083355 1
0.008063 0.725180 0.124528 0.068087 0.173392 0.841539 0
0.141331 0.137090 0.397336 0.641964 0.882191 0.884485 0
0.265162 0.888329 0.410169 0.950567 0.702435 0.304173 1
0.726343 0.124635 0.195384 0.423694 0.786617 0.113326 1
0.325505 0.613098 0.785858 0.516854 0.274867 0.373144 1
0.908999 0.761336 0.623408 0.157610 0.557475 0.483648 0
0.127787 0.151565 0.819414 0.107427 0.913836 0.175161 1
0.513447 0.584783 0.289796 0.014816 0.667305 0.636247 1
0.843386 0.006826 0.593920 0.631381 0.507671 0.985292 1
0.626191 0.668986 0.459850 0.803700 0.053742 0.010940 0
0.735161 0.473634 0.960539 0.568582 0.987613 0.788126 1
0.453400 0.339577 0.844200 0.416184 0.364089 0.290475 1
0.063109 0.963427 0.067560 0.828036 0.945166 0.683157 1
0.963730 0.455874 0.648941 0.938306 0.185347 0.020540 0
0.834513 0.163696 0.618006 0.846984 0.369171 0.784877 0
0.928596 0.122356 0.713066 0.894967 0.726519 0.504585 1
0.100461 0.396922 0.416659 0.079278 0.069320 0.674798 0
0.118904 0.595486 0.695326 0.071854 0.581317 0.787946 0
0.444352 0.122059 0.271534 0.090444 0.316645 0.522896 0
0.487343 0.114989 0.125356 0.159094 0.004520 0.613550 0
0.729691 0.994859 0.047296 0.746943 0.965320 0.944333 1
0.202257 0.377979 0.686502 0.069785 0.439678 0.688113 1
0.067317 0.804039 0.686859 0.957869 0.572379 0.351743 1
0.193677 0.231895 0.637444 0.461267 0.453633 0.416510 1
0.977380 0.450612 0.442550 0.549033 0.732049 0.002101 1
0.039838 0.961914 0.128555 0.942817 0.913701 0.552287 1
0.576147 0.310402 0.521389 0.701438 0.567152 0.764502 1
0.489092 0.260398 0.984306 0.923563 0.313151 0.140396 1
0.192109 0.355826 0.098239 0.072623 0.411718 0.514754 0
0.603890 0.716175 0.187338 0.804852 0.305231 0.359707 0
0.328773 0.256627 0.795255 0.055687 0.508530 0.795212 1
0.474740 0.830627 0.175932 0.125393 0.137525 0.641436 0
0.452906 0.035046 0.426484 0.203353 0.047217 0.643581 0
0.587242 0.714208 0.638894 0.371306 0.725716 0.777678 1
0.422112 0.300277 0.462713 0.323403 0.758690 0.334454 0
0.847125 0.384694 0.210863 0.329674 0.908542 0.260686 1
0.500396 0.094635 0.643928 0.687568 0.590907 0.294109 1
0.522935 0.076197 0.362178 0.380449 0.361753 0.636553 0
0.089588 0.768831 0.170008 0.805810 0.164208 0.831116 1
0.157681 0.591629 0.669450 0.708264 0.627748 0.998725 1
0.147148 0.363751 0.840267 0.807144 0.103312 0.236791 1
0.666985 0.613706 0.727950 0.137046 0.218014 0.673549 1
0.481301 0.277287 0.535241 0.302732 0.726552 0.593549 1
0.191398 0.834982 0.437499 0.273781 0.470870 0.589687 0
0.424949 0.112528 0.942054 0.293039 0.627948 0.780840 1
0.038897 0.928579 0.641520 0.003190 0.518418 0.845055 0
0.315749 0.472005 0.876099 0.886282 0.652283 0.632347 1
0.760832 0.166607 0.858352 0.464337 0.606333 0.448036 1
0.758729 0.486180 0.801113 0.247853 0.954359 0.053835 1
0.404652 0.452806 0.412794 0.905386 0.836213 0.068845 0
0.462840 0.411234 0.810714 0.145038 0.726566 0.543694 1
0.645054 0.701118 0.612725 0.974369 0.971109 0.410452 0
0.728058 0.903880 0.669177 0.681343 0.382011 0.066604 0
0.039406 0.993984 0.672427 0.784612 0.148916 0.799593 1
0.454696 0.126978 0.817476 0.844747 0.699042 0.592376 1
0.011007 0.475756 0.570391 0.158775 0.872904 0.413876 1
0.263805 0.112194 0.297535 0.999491 0.708599 0.318671 0
0.037413 0.477835 0.610611 0.624178 0.028112 0.998474 1
0.187911 0.375517 0.945939 0.047360 0.751704 0.637644 1
0.632872 0.490811 0.497872 0.176508 0.938905 0.706015 1
0.967887 0.282929 0.233746 0.569083 0.226114 0.216285 0
0.129498 0.244286 0.450203 0.882205 0.255541 0.811571 0
0.081157 0.366490 0.404798 0.614114 0.038830 0.160113 0
0.032208 0.207653 0.732698 0.424068 0.790680 0.016889 1
0.158188 0.991576 0.070149 0.438104 0.627591 0.622041 0
0.024086 0.092759 0.064683 0.385120 0.392823 0.791179 0
0.121398 0.367845 0.837700 0.111547 0.478549 0.981742 1
0.206211 0.025247 0.465522 0.641290 0.213965 0.052514 0
0.699283 0.982404 0.052859 0.500748 0.405385 0.239391 0
0.692692 0.257421 0.994105 0.654571 0.085578 0.258723 0
0.320280 0.637352 0.880858 0.159835 0.036968 0.033455 0
0.859464 0.456233 0.551309 0.355802 0.225832 0.648925 0
0.350721 0.798355 0.006203 0.180811 0.685198 0.082704 0
0.589595 0.156865 0.443441 0.713401 0.375667 0.789732 0
0.537303 0.223421 0.515439 0.018171 0.608033 0.333773 1
0.224610 0.034848 0.661726 0.885893 0.981385 0.760792 1
0.305329 0.565455 0.771183 0.893269 0.838103 0.540683 1
0.348016 0.746541 0.049337 0.495799 0.149797 0.914819 0
0.352840 0.019615 0.162845 0.642887 0.602894 0.904657 0
0.131399 0.894689 0.222426 0.072838 0.112034 0.123548 0
0.162736 0.074696 0.332212 0.920720 0.672265 0.490946 0
0.745946 0.610905 0.338460 0.669785 0.158421 0.370788 0
0.192980 0.951432 0.555089 0.780934 0.921578 0.045485 1
0.875861 0.792303 0.835591 0.210227 0.190147 0.758977 1
0.866638 0.298552 0.071885 0.466767 0.601499 0.226040 1
0.600465 0.545358 0.266929 0.453125 0.381789 0.483898 0
0.081493 0.679189 0.571630 0.277381 0.850290 0.180477 0
0.947904 0.858538 0.302287 0.171977 0.791538 0.271665 0
0.653394 0.044544 0.086445 0.648556 0.522182 0.152242 1
0.572831 0.579655 0.673902 0.166902 0.643383 0.620092 1
0.242520 0.415978 0.890331 0.973313 0.223085 0.804249 1
0.127743 0.611394 0.211482 0.871751 0.709085 0.997134 1
0.470068 0.457841 0.663127 0.678930 0.515014 0.781153 1
0.073130 0.835185 0.829256 0.971758 0.245557 0.818516 1
0.097012 0.776824 0.510480 0.828614 0.609246 0.544444 1
0.890188 0.583151 0.672918 0.945868 0.181245 0.427768 0
0.425923 0.481029 0.092991 0.141696 0.154042 0.028560 0
0.922703 0.457505 0.616060 0.591439 0.234548 0.163699 0
0.134401 0.137177 0.410034 0.785814 0.157140 0.738128 0
0.818442 0.287066 0.588820 0.977201 0.669711 0.820109 1
0.388581 0.251143 0.786038 0.183215 0.457859 0.933826 1
0.467134 0.828529 0.820799 0.710574 0.613972 0.352536 1
0.881737 0.832961 0.804677 0.315534 0.814367 0.859291 1
0.389542 0.432905 0.594315 0.447422 0.102417 0.441246 1
0.034288 0.520056 0.498770 0.049698 0.564533 0.920817 0
0.052208 0.964546 0.712440 0.427924 0.254661 0.685967 0
0.573915 0.020512 0.880858 0.034051 0.995398 0.557624 1
0.315535 0.333222 0.104664 0.151440 0.174901 0.728082 0
0.964250 0.649041 0.378125 0.411727 0.617300 0.815114 1
0.580822 0.121271 0.712104 0.311591 0.449998 0.261844 0
0.502030 0.960858 0.281481 0.885549 0.929803 0.554850 1
0.243287 0.350555 0.041776 0.583512 0.000557 0.168455 0
0.832311 0.325961 0.208587 0.397428 0.531344 0.351358 1
0.591393 0.005856 0.533850 0.911477 0.439594 0.490062 0
0.905562 0.778308 0.783347 0.046251 0.869310 0.384581 0
0.337269 0.471992 0.308287 0.273235 0.513537 0.885700 0
0.705848 0.852463 0.841100 0.847293 0.040813 0.158593 0
0.854394 0.644877 0.653545 0.945279 0.252727 0.179283 0
0.223538 0.648111 0.836051 0.438379 0.931157 0.539352 0
0.924701 0.502349 0.220953 0.634712 0.804455 0.595568 1
0.479410 0.335384 0.623843 0.747403 0.016660 0.567295 1
0.854876 0.904275 0.390036 0.028884 0.463420 0.679012 1
0.852762 0.233002 0.854950 0.393176 0.153687 0.331072 0
0.814232 0.769559 0.367263 0.599042 0.939651 0.870644 1
0.096394 0.458333 0.647697 0.748821 0.965883 0.368037 1
0.413194 0.024659 0.091788 0.945927 0.058075 0.317106 0
0.170443 0.772939 0.988327 0.469712 0.308527 0.251301 0
0.764691 0.615297 0.304725 0.741875 0.822698 0.245307 0
0.176432 0.765940 0.123575 0.962133 0.202325 0.540250 1
0.386055 0.253286 0.898013 0.342336 0.968982 0.691051 1
0.398782 0.350466 0.566407 0.226900 0.025036 0.624569 1
0.726472 0.142689 0.358540 0.443776 0.303395 0.043664 0
0.397536 0.811024 0.699416 0.563568 0.777577 0.057125 1
0.154284 0.186005 0.119128 0.569472 0.699971 0.535879 0
0.675631 0.491980 0.612917 0.470232 0.235854 0.820672 0
0.656633 0.845714 0.282820 0.365186 0.282519 0.820666 1
0.358067 0.404846 0.769076 0.675029 0.966631 0.756208 1
0.136019 0.208544 0.599811 0.401881 0.431711 0.626471 1
0.768223 0.033458 0.190608 0.109503 0.446079 0.956589 0
0.054518 0.957778 0.938228 0.966322 0.865798 0.045512 1
0.089484 0.743355 0.152374 0.080007 0.260914 0.245254 0
0.141375 0.058406 0.542457 0.896375 0.954945 0.662515 1
0.689725 0.170395 0.489945 0.086744 0.014203 0.660800 0
0.660654 0.086167 0.158354 0.970946 0.989568 0.861192 1
0.631515 0.507712 0.129180 0.318823 0.658417 0.350802 0
0.599243 0.334072 0.310429 0.809353 0.688165 0.443076 1
0.458335 0.651248 0.225969 0.169443 0.818538 0.648961 0
0.841489 0.526259 0.302813 0.397533 0.937594 0.206879 0
0.623879 0.045753 0.544204 0.587346 0.432014 0.137168 0
0.348855 0.610531 0.510804 0.055792 0.138088 0.876004 0
0.402298 0.137845 0.366545 0.191447 0.448105 0.424847 0
0.933438 0.719293 0.047757 0.357966 0.464041 0.338593 0
0.051619 0.649666 0.704947 0.841840 0.569115 0.764695 1
0.490249 0.355013 0.962432 0.719308 0.643206 0.418759 1
0.320035 0.135089 0.167713 0.381520 0.043518 0.233528 0
0.886203 0.786777 0.211239 0.649256 0.870697 0.426817 0
0.066763 0.430156 0.396398 0.330696 0.438875 0.004254 0
0.965920 0.306813 0.357359 0.342773 0.997536 0.806517 1
0.384577 0.083022 0.161366 0.801428 0.531637 0.270477 0
0.690776 0.125484 0.515114 0.445880 0.255748 0.596043 0
0.363180 0.276511 0.417449 0.347601 0.913645 0.345670 0
0.189684 0.027394 0.767736 0.824492 0.742485 0.739271 1
0.351144 0.253097 0.430440 0.110477 0.332214 0.227882 0
0.338444 0.690503 0.138527 0.939510 0.680183 0.496660 1
0.779619 0.141268 0.195353 0.750506 0.461410 0.551627 0
0.190424 0.382129 0.301058 0.799555 0.830766 0.044803 0
0.760770 0.758086 0.462118 0.684205 0.741208 0.065160 0
0.163635 0.100485 0.653945 0.332287 0.525937 0.517895 1
0.203254 0.430150 0.466876 0.719089 0.911152 0.570876 0
0.203690 0.056992 0.893359 0.098224 0.882537 0.213057 1
0.075672 0.340068 0.493640 0.594111 0.091940 0.635052 0
0.428207 0.710321 0.581295 0.517708 0.006071 0.034929 1
0.828306 0.181662 0.085996 0.771027 0.985702 0.425209 1
0.691588 0.777304 0.430154 0.795786 0.360682 0.133368 0
0.538387 0.923909 0.411991 0.862785 0.069781 0.364157 0
0.136170 0.503369 0.835238 0.397978 0.405583 0.966999 0
0.711645 0.938435 0.949691 0.452374 0.718566 0.258095 0
0.017668 0.974230 0.760642 0.904541 0.242296 0.511786 1
0.090989 0.616979 0.434780 0.662283 0.462423 0.541889 1
0.346000 0.944279 0.841314 0.306558 0.240478 0.755131 0
0.643702 0.053414 0.721547 0.731225 0.419725 0.462839 0
0.415829 0.687886 0.110357 0.160460 0.260082 0.350047 0
0.178170 0.220768 0.594934 0.304721 0.220662 0.784120 1
0.361474 0.738917 0.773191 0.187977 0.152955 0.351824 0
0.440421 0.189644 0.738636 0.185666 0.481208 0.716481 1
0.784856 0.219229 0.487318 0.781949 0.046470 0.732138 0
0.922715 0.974409 0.123763 0.220128 0.219318 0.153652 0
0.462845 0.561792 0.488240 0.575160 0.966782 0.154621 1
0.445324 0.201437 0.232074 0.911296 0.507736 0.322050 0
0.398420 0.174405 0.048048 0.861376 0.167756 0.870057 0
0.905375 0.611503 0.054003 0.642468 0.440826 0.289518 0
0.707261 0.345600 0.750746 0.929578 0.737235 0.820880 1
0.214691 0.907632 0.090175 0.722705 0.726638 0.497541 1
0.263842 0.269781 0.011508 0.234114 0.412919 0.729262 0
0.235132 0.949242 0.926644 0.457974 0.807428 0.132203 0
0.725421 0.672698 0.740765 0.632056 0.457547 0.123611 0
0.583445 0.136244 0.820899 0.002710 0.848753 0.193519 1
0.812578 0.590493 0.431306 0.227343 0.743772 0.776330 1
0.554806 0.918498 0.415992 0.664515 0.539002 0.519127 1
0.969707 0.818695 0.609912 0.465259 0.096945 0.957404 1
0.093655 0.065064 0.745791 0.642075 0.098549 0.405813 1
0.667809 0.604207 0.442086 0.498855 0.343857 0.450229 0
0.939280 0.920142 0.016047 0.533796 0.862622 0.749981 1
0.518706 0.971935 0.928668 0.016656 0.782094 0.330978 0
0.461745 0.733057 0.172433 0.030362 0.629227 0.864298 0
0.949783 0.210771 0.864621 0.792096 0.223389 0.158988 0
0.392479 0.106286 0.972778 0.663047 0.569088 0.553098 1
0.323170 0.624591 0.016516 0.253999 0.074816 0.065924 0
0.347195 0.400200 0.084097 0.230735 0.546713 0.168793 0
0.280955 0.512668 0.881648 0.053458 0.098268 0.639508 0
0.720216 0.234598 0.342868 0.943162 0.064944 0.512342 0
0.326468 0.491037 0.892132 0.668221 0.766938 0.052912 1
0.824344 0.261951 0.575195 0.715108 0.658778 0.349819 1